2.697358238195936980e-02
2.588927863432035487e-02
2.535907918922420193e-02
3.023024358875474674e-02
4.023965646145566399e-02
4.865979464286158268e-02
4.583154491707407130e-02
2.556374480343542865e-02
-1.003128448708212432e-02
-5.068809290670780315e-02
-8.293237808267618638e-02
-9.639796411599468873e-02
-8.767599164094939945e-02
-6.012125047636190239e-02
-2.083837234924418302e-02
2.264197822642291524e-02
6.412783069429507654e-02
9.868305437564246774e-02
1.217061720937840513e-01
1.285545077065469166e-01
1.155437317353506799e-01
8.206207924379575747e-02
3.253427361200991741e-02
-2.330445950968433946e-02
-7.263914495631834667e-02
-1.037730263450928891e-01
-1.105644806601682739e-01
-9.500020739586251262e-02
-6.643319781807628666e-02
-3.745189836130138200e-02
-1.810831416675215758e-02
-1.146487286291929773e-02
-1.309105876681859390e-02
-1.491239090804112079e-02
-1.089586278252936517e-02
-7.127527079731742080e-04
1.089186336806613128e-02
1.791731499338753211e-02
1.673111740691933871e-02
6.877196402272697275e-03
-1.067406410239277008e-02
-3.539969431086168600e-02
-6.718825948673975978e-02
-1.045467100076985512e-01
-1.428073013549986947e-01
-1.737315664319449837e-01
-1.864488310461347720e-01
-1.690075365011523834e-01
-1.106362316061442752e-01
-5.714848574742561506e-03
1.404817072981471293e-01
3.070057665942024228e-01
4.582049952439021800e-01
5.534412950590333891e-01
5.628674796906162348e-01
4.809292101349259552e-01
3.288438604143109067e-01
1.436980926910177425e-01
-3.914655203940638900e-02
-1.989114630388610361e-01
-3.297099803923493888e-01
-4.300231651034072677e-01
-4.912906373538318827e-01
-4.961392558676719355e-01
-4.291039351697861215e-01
-2.924592321917772741e-01
-1.147111981860733237e-01
5.653639454478098791e-02
1.749374433048940247e-01
2.170234538610790187e-01
1.917217675519267694e-01
1.322004820994967522e-01
7.579909651083407973e-02
4.472312229027113756e-02
3.843673662348029429e-02
4.035411189789003122e-02
3.260082079916767211e-02
8.778128248824235147e-03
-2.257518357286443858e-02
-4.434919076312075770e-02
-4.151192989981939557e-02
-8.936260040859737158e-03
4.734600282472611193e-02
1.141069028947310909e-01
1.759709155659062996e-01
2.185512254453349790e-01
2.297401312587002697e-01
2.009875618979182765e-01
1.295949523837461870e-01
2.117911953329997682e-02
-1.092682663695751094e-01
-2.384398092218496246e-01
-3.376410736560406245e-01
-3.775938241062621326e-01
-3.359003767825423092e-01
-2.071849999909554096e-01
-1.273953687416701577e-02
1.969273881960268702e-01
3.529077138154144699e-01
3.921525082540587848e-01
2.859340428785410726e-01
5.749603324549759642e-02
-2.227627010516572692e-01
-4.643607995394199994e-01
-5.929315783371499338e-01
-5.773356585935183194e-01
-4.355476275492407012e-01
-2.196580480786744227e-01
9.285549446690782166e-03
2.032420773196870756e-01
3.373558910319733872e-01
4.075496396776860375e-01
4.209627749291653398e-01
3.868324977224054106e-01
3.132528988706362316e-01
2.102939726671965159e-01
9.503247158583894016e-02
-7.798938008026443276e-03
-7.303149480445594866e-02
-8.753795103602657335e-02
-5.999808072676403314e-02
-1.967767224848116989e-02
-2.024034716281017214e-03
-2.798294170651554821e-02
-8.973581952279055529e-02
-1.531781936133888022e-01
-1.774825337691161575e-01
-1.407147743377673288e-01
-5.548241041660969403e-02
3.611742813888713793e-02
8.630386677323388656e-02
7.015918400888808415e-02
1.362077928034541524e-03
-7.489979498628335230e-02
-1.078356790472794202e-01
-7.020854938658027677e-02
2.658643499280654091e-02
1.398497646846390829e-01
2.198851828921692120e-01
2.362203451753796812e-01
1.908998391313918019e-01
1.130723859565692380e-01
4.037655471323595840e-02
-1.047097318218262810e-03
-7.554089729620200137e-03
3.736691082727939400e-03
6.414366640977539613e-03
-2.046857635950728727e-02
-8.088046650118646541e-02
-1.582713540518070061e-01
-2.219613708894679904e-01
-2.414685316177736796e-01
-2.023321913984753861e-01
-1.146788195643670683e-01
-8.617375615879621642e-03
8.167805629032204306e-02
1.355411313827698250e-01
1.538335079665278105e-01
1.528392363562357525e-01
1.494352018094309564e-01
1.484982219422155136e-01
1.407502720919519279e-01
1.111840884865821499e-01
5.141705765638985431e-02
-3.199606790277913226e-02
-1.177959183126225801e-01
-1.784062004863026241e-01
-1.923532800450185321e-01
-1.548902317722693212e-01
-8.157707471191993909e-02
-2.580669346171342738e-03
4.997501268018679499e-02
5.552836758103371628e-02
1.291092880080165969e-02
-6.082418500271040418e-02
-1.389624465296050160e-01
-1.958638295439799892e-01
-2.143800557149500852e-01
-1.874396565794872183e-01
-1.155455818013840646e-01
-4.534017035435042482e-03
1.332128640606957959e-01
2.752294112535507709e-01
3.882039654461910683e-01
4.348046897394010624e-01
3.877106556922056968e-01
2.441301347579685199e-01
3.184049301310278024e-02
-1.982384470919386354e-01
-3.904126026121776394e-01
-5.049483578260952621e-01
-5.313873299145188689e-01
-4.883249180542930112e-01
-4.098944575758975417e-01
-3.255311568832665592e-01
-2.433596822721914021e-01
-1.466687339739903839e-01
-6.797658803364336685e-03
1.934178283596539039e-01
4.388093663266141031e-01
6.772452067135424914e-01
8.368030920473108480e-01
8.577635169407122895e-01
7.227687922042598245e-01
4.681975357656311121e-01
1.697536490308169943e-01
-9.031756395231832490e-02
-2.569442143188517269e-01
-3.198162280727437912e-01
-3.078551197928307559e-01
-2.666427606870728217e-01
-2.330672273062451838e-01
-2.206296215064101063e-01
-2.207194211615391144e-01
-2.154042520560738305e-01
-1.917739997548964515e-01
-1.492141095604572198e-01
-9.723338417516694254e-02
-4.786385528300007158e-02
-9.001649492922963319e-03
1.741011219916744832e-02
3.299114285176703992e-02
3.980844671261429130e-02
3.940368179335971416e-02
3.401125418714468635e-02
2.777376510741132870e-02
2.592795888990246864e-02
3.203798260345629839e-02
4.534818393032782197e-02
6.049240031725763161e-02
7.008715197230795668e-02
6.860593148846928779e-02
5.502596248983106231e-02
3.265812308004303888e-02
6.565566963067513001e-03
-1.941002267155223296e-02
-4.388876808885694425e-02
-6.675875378523210557e-02
-8.672029321844199057e-02
-9.967241884558249165e-02
-9.940701641328045235e-02
-8.045502643737197090e-02
-4.155952843343045655e-02
1.205436452386052931e-02
6.881736823596069919e-02
1.136393092857313214e-01
1.328106359935941616e-01
1.194653510346506547e-01
7.729626038223004481e-02
2.027499457026428129e-02
-3.227671917301502824e-02
-6.329393328591895185e-02
-6.443438205799006946e-02
-3.816510054967738041e-02
4.985295525484066681e-03
5.164100896417008618e-02
9.017784289468458447e-02
1.131160034679050408e-01
1.175612963878723549e-01
1.044999731425229339e-01
7.730492862333400439e-02
3.982561000990841177e-02
-4.762605126632195665e-03
-5.310618519638408974e-02
-9.947408441295257919e-02
-1.352828647799379502e-01
-1.531167000231684894e-01
-1.538277279084021565e-01
-1.505022155827133445e-01
-1.628863889982056778e-01
-2.021815329067202516e-01
-2.548812640434763854e-01
-2.784082773344680461e-01
-2.163709553054762313e-01
-2.944708887986453166e-02
2.734461761619172981e-01
6.223688343870441564e-01
9.031267972091862051e-01
1.000000000000000000e+00
8.465758299985928215e-01
4.606841452078935806e-01
-5.489762395712758508e-02
-5.487904713670065382e-01
-8.790976567524318996e-01
-9.666888742869180762e-01
-8.195916890877884553e-01
-5.196437118827229584e-01
-1.816625879535655186e-01
9.296207511243888277e-02
2.478571840977184804e-01
2.793014721442623194e-01
2.232067204663622240e-01
1.317094732922252376e-01
5.020456619693609845e-02
2.644488070664778676e-03
-1.115434771122102674e-02
-7.012737480686211111e-03
-2.172856525096295791e-03
-3.708416141018707531e-03
-6.431844297035420495e-03
-1.007156001384144905e-03
1.442698877440664468e-02
2.903458187341869876e-02
2.618261530715817326e-02
-1.234903622228566067e-03
-3.865776781198933254e-02
-5.232530548443471013e-02
-8.407988989778850814e-03
1.016291690007335574e-01
2.463432245548484445e-01
3.622877882909126823e-01
3.829807753773364354e-01
2.738488441974371024e-01
5.383635524878047779e-02
-2.084219351100171647e-01
-4.222469309940355409e-01
-5.128781660585232105e-01
-4.522007955345858643e-01
-2.691473167702097546e-01
-3.616976267282938362e-02
1.618257147897216308e-01
2.626080534233443120e-01
2.504047828915236806e-01
1.574437408179356068e-01
4.267696627986584251e-02
-4.086361155506221948e-02
-7.178471759836273225e-02
-6.465473784237865673e-02
-5.193279798619641896e-02
-5.709677729678746400e-02
-7.781019651682277716e-02
-8.984781062481130010e-02
-6.718443805009882697e-02
-2.717032094134164306e-03
8.485205934093510705e-02
1.614246540277067266e-01
1.967700034674050857e-01
1.797721375219600848e-01
